fgwre4896.jpg:
(0.125520832,0.18658008800000003) (0.6984375,0.18658008800000003) (0.6984375,0.7632034639999999) (0.125520832,0.7632034639999999) 
type :losilaisi
45ffkjq.jpg:
(0.184114582,0.316483516) (0.7736979160000002,0.316483516) (0.7736979160000002,0.8285714259999999) (0.184114582,0.8285714259999999) 
type :losilaisi
thtr453.jpg:
(0.383072916,0.309207708) (0.7442708319999999,0.309207708) (0.7442708319999999,0.875374732) (0.383072916,0.875374732) 
type :losilaisi
78fa45f6q.jpg:
(0.14218750199999997,0.24879999999999997) (0.704166668,0.24879999999999997) (0.704166668,0.7904) (0.14218750199999997,0.7904) 
type :losilaisi
gjel123485.jpg:
(0.207552084,0.2596) (0.713541668,0.2596) (0.713541668,0.7508) (0.207552084,0.7508) 
type :losilaisi
