af5g6.jpg:
(0.8959869475,0.3804595225) (1.3507221674999998,0.3804595225) (1.3507221674999998,0.7647176399999999) (0.8959869475,0.7647176399999999) 
type :1
fajkge65v.jpg:
(0.8606111849999999,0.3732088725) (1.21790967,0.3732088725) (1.21790967,0.8416609275) (0.8606111849999999,0.8416609275) 
type :1
fajkl82.jpg:
(0.8249141025,0.33099999999999996) (1.08599022,0.33099999999999996) (1.08599022,0.897) (0.8249141025,0.897) 
type :1
ferjl6.jpg:
(0.91414885,0.37782791250000003) (1.36030032,0.37782791250000003) (1.36030032,0.9645942399999999) (0.91414885,0.9645942399999999) 
type :1
